Sref = 0.417575 
Cref = 0.128750 
Bref = 3.040000 
X_cg = 0.346500 
Y_cg = 0.000000 
Z_cg = 0.020000 
Mach = 0.030000 
AoA = 2.000000 
Beta = 0.000000 
Vinf = 15.000000 
Rho = 1.225000 
ReCref = 10000000.000000 
ClMax = 1.000000 
MaxTurningAngle = -1.000000 
Symmetry = NO 
FarDist = -1.000000 
NumWakeNodes = -1 
WakeIters = 5 
NumberOfRotors = 0 
NumberOfControlGroups = 0 
Preconditioner = Matrix 
Vortex Lift = Y 
LE Suction = N 
Karman-Tsien Correction = Y 
