Sref = 13.550525 
Cref = 0.958436 
Bref = 11.693443 
X_cg = 0.701000 
Y_cg = 0.000000 
Z_cg = 0.035052 
Mach = 0.000000 
AoA = 20.000000 
Beta = 20.000000 
Vinf = 94.000000 
Rho = 1.225000 
ReCref = 6000000.000000 
ClMax = 1.200000 
MaxTurningAngle = -1.000000 
Symmetry = NO 
FarDist = -1.000000 
NumWakeNodes = 64 
WakeIters = 5 
NumberOfControlGroups = 0 
Preconditioner = Matrix 
Karman-Tsien Correction = N 
Stability Type = 0 
